0,436
0,435
0,434
0,433
0,432
0,431
0,430
0,429
0,428
0,427
0,426
0,425
0,424
0,423
0,422
0,421
0,420
0,419
0,418
0,417
0,416
0,415
0,414
0,413
0,412
0,411
0,410
39,3
39,2
0,409
39,1
39,0
0,408
0,407
0,406
0,405
0,404
0,403
38,4
0,402
38,3
38,2
38,1
38,0
37,3
37,2
37,1
37,0
36,3
36,2
36,1
36,0
0,401
0,400
0,399
0,398
0,397
0,396
35,3
35,2
35,1
35,0
0,395
0,394
0,393
34,4
34,3
34,2
34,1
34,0
33,3
33,2
33,1
33,0
0,392
0,391
0,390
0,389
0,388
0,278
0,9
0,387
0,386
0,385
0,243
32,35
3,2
3,1
3,3
10,293
10,131
10,305
10,27
10,181
